Best individual is [35, 54, 100, 71, 32, 13, 25, 34, 10, 56, 39, 16, 52, 43, 8, 26, 37, 88, 87, 36, 60, 41, 90, 76, 86, 97, 64, 99, 31, 61, 40, 72, 29, 5, 48, 67, 91, 44, 82, 11, 15, 69, 20, 94, 51, 47, 6, 81, 38, 77, 33, 85, 49, 42, 9, 2, 18, 66, 12, 68, 53, 46, 63, 93, 75, 30, 21, 27, 89, 79, 70, 57, 45, 1, 78, 17, 59, 73, 80, 96, 4, 58, 50, 28, 7, 23, 84, 19, 62, 95, 24, 22, 65, 14, 98, 92, 55, 74, 3, 83]
Fitness: (22421550.0,)
Run time: 12244.8007631

Best individual is [97, 62, 81, 19, 70, 11, 50, 28, 26, 48, 15, 49, 3, 2, 92, 14, 67, 46, 36, 53, 51, 85, 65, 71, 57, 41, 7, 42, 78, 58, 80, 23, 24, 88, 61, 17, 87, 79, 69, 21, 90, 20, 25, 10, 99, 47, 37, 44, 22, 33, 38, 29, 59, 63, 34, 84, 45, 76, 98, 6, 89, 94, 9, 39, 43, 35, 82, 55, 93, 95, 91, 66, 31, 68, 32, 4, 27, 72, 1, 40, 5, 64, 75, 54, 74, 83, 12, 30, 13, 52, 77, 16, 18, 96, 56, 86, 100, 73, 60, 8]
Fitness: (22326102.0,)
Run time: 12290.271769

Best individual is [64, 12, 97, 90, 93, 10, 32, 60, 100, 40, 30, 26, 37, 71, 70, 74, 20, 38, 17, 80, 58, 83, 13, 29, 94, 51, 1, 96, 63, 87, 2, 31, 15, 36, 66, 56, 75, 91, 68, 88, 76, 18, 25, 78, 73, 95, 4, 11, 89, 39, 46, 44, 69, 42, 72, 82, 47, 22, 16, 33, 34, 14, 79, 9, 85, 59, 67, 57, 35, 50, 99, 28, 27, 5, 7, 54, 23, 52, 3, 21, 65, 92, 41, 86, 62, 19, 24, 77, 84, 81, 53, 49, 55, 6, 8, 48, 43, 98, 45, 61]
Fitness: (22437648.0,)
Run time: 12281.17521

Best individual is [2, 27, 6, 85, 69, 19, 91, 93, 1, 36, 57, 40, 30, 55, 74, 68, 11, 75, 51, 50, 78, 20, 54, 83, 15, 98, 81, 45, 21, 49, 17, 96, 63, 23, 5, 39, 10, 82, 14, 32, 53, 73, 90, 43, 3, 52, 70, 72, 9, 84, 67, 46, 47, 77, 71, 88, 37, 100, 86, 16, 94, 89, 35, 22, 26, 48, 13, 87, 24, 29, 66, 12, 42, 33, 31, 80, 59, 56, 99, 65, 62, 95, 60, 61, 8, 28, 97, 41, 38, 34, 58, 7, 76, 79, 92, 18, 64, 25, 4, 44]
Fitness: (22389478.0,)
Run time: 12228.094651

