Best individual is [12, 8, 23, 13, 21, 4, 19, 18, 1, 22, 20, 3, 24, 9, 16, 14, 17, 7, 25, 10, 6, 2, 15, 5, 11]
Fitness: (1196328.0,)
Run time: 910.792845011

Best individual is [7, 24, 19, 13, 4, 21, 12, 11, 10, 2, 14, 3, 15, 23, 20, 17, 5, 9, 25, 1, 8, 18, 6, 22, 16]
Fitness: (1185386.0,)
Run time: 1434.03304696

Best individual is [14, 7, 21, 25, 5, 11, 2, 4, 13, 12, 20, 22, 1, 3, 9, 16, 18, 19, 23, 17, 8, 10, 24, 15, 6]
Fitness: (1196572.0,)
Run time: 1441.96157503

Best individual is [14, 18, 16, 4, 24, 21, 23, 6, 9, 12, 7, 22, 8, 10, 2, 25, 1, 20, 19, 3, 13, 17, 15, 11, 5]
Fitness: (1201744.0,)
Run time: 1472.70735693

Best individual is [12, 9, 5, 4, 17, 15, 10, 3, 23, 13, 22, 25, 18, 24, 6, 21, 20, 1, 16, 19, 11, 14, 8, 7, 2]
Fitness: (1209864.0,)
Run time: 1405.55514598

Best individual is [8, 13, 5, 15, 9, 23, 20, 6, 7, 16, 25, 24, 14, 19, 11, 2, 3, 17, 1, 10, 22, 21, 12, 18, 4]
Fitness: (1201184.0,)
Run time: 1484.14792395

Best individual is [11, 19, 6, 24, 3, 14, 25, 23, 15, 8, 20, 4, 1, 5, 7, 18, 21, 9, 12, 13, 2, 17, 22, 16, 10]
Fitness: (1195692.0,)
Run time: 1447.85674381

Best individual is [6, 25, 2, 7, 20, 8, 14, 10, 9, 19, 4, 13, 22, 1, 16, 5, 24, 21, 12, 3, 17, 11, 15, 18, 23]
Fitness: (1200376.0,)
Run time: 1482.94084692

Best individual is [4, 23, 3, 22, 10, 9, 17, 15, 13, 11, 5, 7, 14, 19, 20, 25, 6, 1, 8, 24, 16, 18, 12, 2, 21]
Fitness: (1184872.0,)
Run time: 1411.54528594

Best individual is [1, 9, 7, 17, 5, 12, 16, 6, 8, 20, 19, 10, 14, 4, 18, 25, 24, 15, 22, 21, 11, 23, 2, 3, 13]
Fitness: (1202408.0,)
Run time: 1420.52058291

