Best individual is [28, 16, 4, 2, 23, 7, 12, 6, 1, 3, 21, 25, 24, 13, 20, 15, 29, 10, 17, 9, 18, 19, 26, 5, 11, 14, 8, 27, 30, 22]
Fitness: (1860644.0,)
Run time: 2051.97020102

Best individual is [25, 8, 11, 28, 30, 6, 1, 22, 7, 16, 27, 4, 14, 3, 15, 23, 10, 20, 12, 26, 24, 9, 2, 17, 29, 5, 21, 18, 19, 13]
Fitness: (1866126.0,)
Run time: 2339.21658015

Best individual is [5, 29, 11, 23, 25, 14, 27, 19, 18, 13, 20, 22, 4, 15, 3, 28, 17, 21, 10, 24, 26, 16, 6, 8, 9, 7, 12, 1, 30, 2]
Fitness: (1858256.0,)
Run time: 2366.188344

Best individual is [20, 12, 6, 14, 7, 1, 19, 25, 4, 11, 26, 15, 29, 10, 28, 2, 21, 8, 17, 3, 24, 22, 27, 13, 9, 18, 23, 5, 30, 16]
Fitness: (1853196.0,)
Run time: 2361.36397982

Best individual is [25, 21, 22, 13, 12, 11, 26, 10, 4, 1, 8, 19, 20, 28, 9, 16, 3, 27, 17, 6, 2, 29, 14, 5, 24, 18, 23, 15, 30, 7]
Fitness: (1848720.0,)
Run time: 2341.31078696

Best individual is [27, 12, 19, 29, 18, 26, 30, 10, 23, 5, 8, 4, 3, 1, 20, 13, 16, 7, 21, 25, 15, 24, 14, 28, 17, 9, 6, 2, 22, 11]
Fitness: (1884128.0,)
Run time: 2438.13119698

Best individual is [24, 6, 29, 26, 30, 7, 2, 4, 18, 28, 3, 23, 8, 22, 21, 11, 16, 12, 1, 15, 5, 13, 10, 20, 27, 17, 14, 25, 19, 9]
Fitness: (1878300.0,)
Run time: 2083.27802801

Best individual is [28, 20, 26, 13, 22, 4, 17, 27, 14, 6, 3, 21, 19, 18, 5, 29, 9, 16, 8, 15, 1, 10, 11, 25, 7, 2, 23, 24, 30, 12]
Fitness: (1880466.0,)
Run time: 2083.80068707

Best individual is [6, 21, 8, 11, 4, 7, 22, 23, 17, 10, 27, 26, 20, 12, 1, 2, 24, 28, 15, 5, 3, 25, 9, 18, 13, 16, 30, 29, 14, 19]
Fitness: (1866344.0,)
Run time: 2084.13880014

Best individual is [9, 14, 22, 25, 5, 11, 13, 8, 27, 12, 1, 19, 16, 6, 18, 24, 17, 21, 3, 28, 2, 23, 10, 20, 15, 7, 4, 26, 30, 29]
Fitness: (1865676.0,)
Run time: 2097.01440406

