Best individual is [28, 6, 12, 21, 32, 26, 15, 30, 10, 1, 7, 18, 13, 22, 4, 29, 17, 35, 16, 9, 3, 25, 33, 11, 20, 24, 14, 31, 19, 2, 23, 8, 5, 27, 34]
Fitness: (2473982.0,)
Run time: 3611.77456093

Best individual is [11, 9, 21, 23, 25, 6, 4, 8, 31, 5, 19, 15, 2, 32, 35, 26, 29, 12, 17, 22, 33, 28, 34, 7, 27, 1, 30, 14, 10, 24, 13, 20, 18, 16, 3]
Fitness: (2495842.0,)
Run time: 3879.959975

Best individual is [28, 15, 22, 8, 21, 10, 31, 30, 2, 7, 23, 6, 9, 27, 29, 19, 4, 34, 13, 33, 35, 14, 3, 25, 11, 26, 16, 12, 18, 20, 5, 1, 32, 17, 24]
Fitness: (2526190.0,)
Run time: 3909.51943707

Best individual is [18, 25, 2, 5, 31, 12, 3, 26, 29, 21, 32, 1, 24, 20, 28, 15, 16, 30, 22, 11, 34, 10, 17, 6, 9, 13, 19, 33, 7, 23, 14, 8, 4, 35, 27]
Fitness: (2484336.0,)
Run time: 3632.91497207

Best individual is [19, 28, 14, 6, 13, 24, 29, 20, 7, 5, 1, 4, 8, 18, 15, 11, 3, 23, 12, 26, 16, 27, 22, 34, 10, 25, 33, 35, 17, 32, 30, 2, 21, 31, 9]
Fitness: (2467228.0,)
Run time: 3300.80356693

Best individual is [9, 23, 19, 14, 20, 5, 30, 8, 35, 33, 6, 22, 10, 24, 13, 2, 16, 29, 28, 15, 3, 11, 12, 18, 21, 26, 17, 1, 25, 27, 7, 34, 4, 31, 32]
Fitness: (2497924.0,)
Run time: 3301.71968699

Best individual is [24, 10, 4, 17, 26, 22, 32, 16, 23, 3, 14, 27, 6, 1, 29, 18, 35, 28, 2, 31, 11, 5, 7, 21, 9, 8, 34, 20, 15, 19, 33, 13, 12, 25, 30]
Fitness: (2478312.0,)
Run time: 2907.81942892

Best individual is [35, 15, 16, 32, 7, 10, 31, 1, 14, 21, 26, 4, 8, 11, 19, 17, 33, 28, 12, 27, 9, 18, 24, 5, 29, 2, 3, 30, 23, 13, 34, 20, 22, 25, 6]
Fitness: (2495070.0,)
Run time: 2788.21745181

Best individual is [11, 16, 20, 35, 31, 7, 19, 26, 5, 24, 18, 14, 4, 12, 15, 3, 30, 21, 34, 2, 22, 33, 10, 13, 17, 28, 29, 1, 25, 27, 8, 6, 32, 9, 23]
Fitness: (2449262.0,)
Run time: 717.303842068

Best individual is [3, 6, 4, 14, 8, 22, 1, 31, 25, 5, 26, 18, 28, 32, 17, 11, 16, 2, 30, 15, 20, 34, 10, 13, 9, 19, 24, 35, 21, 27, 7, 29, 12, 33, 23]
Fitness: (2495888.0,)
Run time: 711.463687897

