Best individual is [8, 5, 2, 9, 4, 14, 17, 36, 21, 28, 1, 29, 25, 30, 18, 32, 34, 39, 37, 24, 19, 22, 26, 31, 12, 33, 38, 16, 27, 15, 23, 6, 7, 10, 11, 35, 20, 3, 40, 13]
Fitness: (3232146.0,)
Run time: 5406.82128811

Best individual is [12, 2, 18, 6, 17, 4, 20, 34, 9, 25, 19, 11, 37, 38, 3, 22, 26, 24, 15, 32, 14, 8, 36, 7, 23, 31, 35, 16, 10, 27, 40, 29, 39, 33, 21, 30, 28, 13, 1, 5]
Fitness: (3281088.0,)
Run time: 5521.33798504

Best individual is [30, 6, 7, 5, 13, 38, 10, 1, 14, 37, 19, 39, 26, 4, 9, 16, 25, 21, 17, 3, 23, 8, 29, 34, 22, 40, 11, 27, 28, 35, 12, 18, 33, 31, 2, 32, 15, 24, 36, 20]
Fitness: (3276336.0,)
Run time: 5215.66918707

Best individual is [40, 7, 18, 35, 16, 22, 12, 10, 33, 31, 8, 11, 14, 20, 1, 25, 29, 24, 37, 28, 2, 15, 17, 36, 3, 32, 26, 9, 5, 6, 38, 21, 34, 30, 27, 23, 39, 13, 4, 19]
Fitness: (3237442.0,)
Run time: 4872.95186591

Best individual is [30, 11, 7, 24, 28, 32, 14, 29, 3, 18, 17, 33, 15, 23, 27, 5, 37, 10, 31, 13, 20, 16, 2, 21, 35, 12, 38, 6, 26, 19, 1, 25, 39, 36, 34, 40, 8, 22, 9, 4]
Fitness: (3266628.0,)
Run time: 4355.18715215

Best individual is [19, 31, 8, 7, 15, 3, 2, 39, 34, 14, 33, 18, 12, 36, 28, 13, 27, 38, 9, 26, 30, 23, 10, 4, 17, 16, 11, 5, 37, 35, 24, 21, 1, 22, 29, 6, 25, 40, 32, 20]
Fitness: (3274442.0,)
Run time: 2165.91064405

Best individual is [11, 37, 20, 30, 3, 25, 18, 38, 35, 31, 19, 12, 2, 27, 24, 23, 39, 7, 28, 22, 14, 16, 34, 32, 15, 1, 36, 5, 26, 13, 17, 6, 40, 29, 21, 4, 10, 9, 33, 8]
Fitness: (3250826.0,)
Run time: 2707.46572208

Best individual is [20, 37, 40, 6, 39, 36, 17, 8, 26, 4, 11, 2, 7, 23, 31, 9, 24, 1, 29, 35, 32, 13, 38, 14, 25, 33, 21, 30, 27, 16, 22, 12, 28, 5, 18, 15, 19, 10, 34, 3]
Fitness: (3249448.0,)
Run time: 2715.18106103

Best individual is [39, 2, 40, 11, 35, 3, 34, 18, 14, 6, 25, 22, 9, 24, 17, 8, 5, 38, 33, 30, 15, 4, 21, 37, 27, 16, 32, 10, 28, 26, 20, 29, 1, 7, 31, 19, 36, 13, 12, 23]
Fitness: (3238346.0,)
Run time: 2717.33800721

Best individual is [19, 2, 10, 21, 32, 22, 29, 25, 6, 14, 37, 15, 40, 17, 13, 8, 39, 24, 38, 23, 28, 35, 3, 11, 26, 30, 34, 16, 33, 12, 31, 5, 1, 9, 20, 36, 4, 27, 7, 18]
Fitness: (3268638.0,)
Run time: 1394.71257114

