Best individual is [12, 25, 34, 6, 23, 19, 44, 29, 15, 3, 37, 47, 33, 41, 9, 22, 46, 17, 24, 4, 38, 10, 26, 8, 30, 1, 40, 35, 13, 49, 28, 32, 48, 43, 39, 42, 50, 2, 14, 21, 5, 45, 16, 36, 7, 11, 27, 20, 31, 18]
Fitness: (5244960.0,)
Run time: 10556.161387

Best individual is [43, 19, 26, 39, 31, 45, 15, 49, 25, 10, 21, 12, 13, 27, 5, 34, 2, 3, 22, 7, 32, 4, 29, 6, 40, 37, 1, 18, 16, 30, 33, 24, 35, 11, 50, 28, 17, 14, 48, 23, 20, 38, 36, 9, 42, 41, 47, 46, 8, 44]
Fitness: (5205878.0,)
Run time: 9817.79104209

Best individual is [39, 19, 2, 8, 12, 40, 1, 24, 36, 29, 4, 32, 25, 16, 48, 5, 35, 11, 44, 28, 26, 23, 27, 38, 46, 45, 20, 33, 49, 47, 21, 31, 6, 13, 42, 43, 50, 10, 14, 30, 17, 9, 37, 41, 34, 22, 15, 3, 7, 18]
Fitness: (5245794.0,)
Run time: 2168.03208685

Best individual is [4, 44, 41, 12, 6, 35, 5, 46, 9, 40, 39, 10, 8, 1, 45, 2, 25, 48, 38, 36, 15, 29, 28, 24, 30, 42, 27, 14, 20, 49, 32, 22, 17, 26, 37, 11, 18, 16, 19, 50, 33, 13, 7, 23, 34, 3, 47, 31, 43, 21]
Fitness: (5200124.0,)
Run time: 3560.48910999

Best individual is [37, 12, 17, 16, 23, 48, 19, 34, 18, 35, 47, 29, 1, 13, 46, 20, 11, 21, 39, 27, 42, 30, 3, 32, 10, 28, 5, 26, 41, 15, 50, 43, 24, 4, 44, 14, 9, 22, 49, 25, 36, 45, 8, 40, 2, 7, 33, 6, 38, 31]
Fitness: (5238036.0,)
Run time: 3231.30432892

Best individual is [28, 25, 18, 34, 6, 48, 26, 24, 11, 39, 8, 2, 27, 3, 36, 45, 38, 40, 17, 12, 35, 49, 4, 22, 10, 31, 20, 30, 43, 50, 21, 5, 1, 32, 46, 42, 47, 29, 16, 23, 9, 44, 19, 37, 33, 15, 41, 13, 14, 7]
Fitness: (5228442.0,)
Run time: 3807.39795589

Best individual is [36, 50, 11, 21, 43, 1, 40, 34, 46, 17, 13, 22, 4, 15, 3, 45, 48, 5, 31, 41, 47, 10, 42, 33, 26, 2, 8, 29, 28, 35, 18, 9, 20, 49, 38, 27, 44, 32, 12, 39, 16, 23, 14, 37, 19, 6, 7, 25, 24, 30]
Fitness: (5211272.0,)
Run time: 3169.16410112

Best individual is [33, 36, 21, 31, 27, 40, 8, 32, 25, 34, 38, 14, 1, 41, 35, 48, 47, 16, 3, 9, 49, 13, 46, 42, 6, 19, 15, 5, 50, 11, 24, 30, 28, 12, 23, 45, 10, 37, 4, 22, 17, 26, 18, 44, 29, 43, 20, 7, 2, 39]
Fitness: (5225884.0,)
Run time: 3292.62983203

Best individual is [2, 12, 31, 16, 41, 45, 24, 34, 46, 4, 40, 9, 25, 21, 13, 23, 1, 20, 38, 17, 48, 27, 28, 32, 35, 5, 37, 3, 43, 7, 33, 29, 10, 11, 50, 42, 15, 44, 14, 30, 39, 26, 19, 22, 36, 8, 47, 49, 18, 6]
Fitness: (5207644.0,)
Run time: 4131.27160311

Best individual is [29, 1, 16, 45, 37, 36, 11, 12, 48, 41, 17, 6, 43, 42, 27, 22, 47, 4, 30, 44, 49, 9, 13, 28, 38, 20, 3, 31, 2, 32, 35, 19, 21, 33, 23, 18, 8, 7, 39, 50, 15, 46, 40, 26, 10, 25, 34, 5, 24, 14]
Fitness: (5215146.0,)
Run time: 4172.03403401

