Best individual is [19, 44, 6, 27, 48, 43, 26, 45, 47, 52, 37, 32, 49, 5, 58, 20, 7, 4, 24, 28, 42, 46, 35, 1, 9, 25, 60, 18, 22, 17, 8, 34, 10, 21, 59, 39, 15, 40, 54, 31, 38, 23, 41, 36, 2, 56, 57, 29, 3, 13, 16, 12, 51, 14, 50, 11, 33, 55, 30, 53]
Fitness: (7623436.0,)
Run time: 17949.1673892

Best individual is [6, 42, 15, 12, 20, 22, 16, 7, 47, 31, 54, 23, 18, 29, 3, 46, 41, 9, 60, 51, 13, 28, 39, 52, 34, 5, 48, 50, 55, 17, 36, 58, 8, 53, 19, 43, 24, 4, 2, 10, 35, 32, 49, 56, 1, 25, 14, 57, 21, 11, 59, 26, 45, 33, 30, 38, 37, 40, 27, 44]
Fitness: (7646058.0,)
Run time: 7929.48893595

Best individual is [16, 11, 26, 56, 22, 19, 53, 35, 32, 7, 25, 4, 27, 50, 41, 33, 23, 12, 48, 45, 1, 57, 18, 59, 28, 40, 24, 38, 60, 21, 42, 43, 5, 49, 34, 46, 55, 31, 8, 3, 9, 36, 51, 6, 15, 37, 58, 30, 17, 13, 29, 39, 44, 47, 54, 52, 14, 10, 20, 2]
Fitness: (7656506.0,)
Run time: 4690.40771413

Best individual is [43, 38, 29, 26, 51, 39, 56, 60, 15, 18, 58, 42, 23, 4, 35, 52, 46, 17, 22, 13, 33, 21, 25, 24, 49, 59, 6, 2, 48, 11, 55, 20, 28, 37, 34, 32, 30, 31, 14, 9, 44, 3, 16, 19, 50, 27, 7, 57, 53, 8, 5, 47, 41, 54, 36, 10, 40, 1, 45, 12]
Fitness: (7638294.0,)
Run time: 3593.15337706

Best individual is [48, 17, 58, 31, 7, 26, 15, 32, 46, 57, 43, 5, 14, 38, 53, 8, 27, 6, 55, 59, 42, 18, 56, 37, 13, 1, 36, 24, 47, 3, 49, 39, 28, 40, 4, 29, 9, 12, 2, 52, 34, 50, 54, 60, 33, 41, 10, 20, 22, 21, 25, 51, 30, 35, 44, 19, 11, 16, 23, 45]
Fitness: (7661122.0,)
Run time: 3543.3749342

Best individual is [34, 48, 42, 52, 1, 29, 12, 57, 16, 55, 31, 56, 25, 51, 27, 35, 10, 59, 9, 19, 3, 30, 44, 2, 21, 46, 23, 38, 6, 33, 47, 40, 41, 17, 15, 36, 50, 49, 8, 14, 60, 7, 24, 4, 13, 39, 18, 11, 45, 37, 26, 32, 43, 5, 20, 22, 58, 54, 28, 53]
Fitness: (7672006.0,)

Best individual is [50, 17, 13, 1, 21, 24, 7, 36, 47, 45, 40, 18, 52, 9, 38, 54, 57, 35, 27, 59, 56, 4, 25, 44, 29, 55, 22, 39, 48, 49, 6, 20, 53, 15, 14, 32, 3, 51, 2, 10, 16, 8, 30, 58, 33, 23, 19, 42, 12, 41, 37, 46, 34, 31, 60, 43, 5, 28, 11, 26]
Fitness: (7664936.0,)

Best individual is [25, 2, 22, 56, 45, 43, 6, 53, 37, 44, 4, 55, 7, 15, 39, 11, 28, 26, 60, 20, 9, 18, 40, 50, 46, 41, 3, 59, 1, 27, 24, 10, 23, 13, 31, 14, 16, 36, 49, 38, 8, 48, 17, 58, 30, 52, 29, 33, 21, 54, 34, 32, 51, 47, 12, 35, 5, 19, 42, 57]
Fitness: (7660512.0,)

Best individual is [29, 31, 35, 43, 38, 4, 24, 41, 37, 25, 59, 30, 33, 56, 58, 46, 48, 9, 11, 3, 42, 54, 36, 34, 10, 6, 20, 53, 57, 12, 50, 21, 49, 39, 2, 16, 52, 14, 1, 32, 18, 13, 17, 60, 7, 45, 55, 26, 27, 22, 8, 28, 51, 40, 47, 15, 19, 44, 23, 5]
Fitness: (7697720.0,)

Best individual is [46, 41, 29, 2, 42, 56, 36, 39, 24, 10, 49, 12, 31, 53, 15, 21, 44, 30, 4, 13, 11, 1, 7, 48, 40, 34, 43, 20, 52, 23, 14, 33, 5, 51, 58, 28, 59, 57, 25, 60, 27, 17, 55, 47, 3, 45, 50, 19, 16, 8, 32, 6, 54, 22, 26, 38, 18, 35, 9, 37]
Fitness: (7711772.0,)

