Best individual is [25, 62, 78, 72, 61, 77, 53, 60, 3, 37, 47, 14, 44, 39, 13, 59, 18, 21, 8, 57, 73, 23, 15, 48, 4, 20, 42, 10, 28, 66, 69, 63, 16, 51, 31, 80, 75, 27, 7, 30, 50, 17, 52, 12, 76, 38, 70, 58, 19, 64, 22, 26, 71, 55, 45, 67, 46, 9, 43, 29, 24, 5, 6, 65, 35, 40, 2, 68, 11, 32, 34, 79, 56, 41, 74, 33, 54, 36, 49, 1]
Fitness: (14364990.0,)
Run time: 7834.30870008

Best individual is [35, 48, 54, 28, 33, 61, 71, 45, 40, 38, 50, 25, 47, 67, 78, 4, 63, 30, 1, 6, 10, 18, 64, 59, 76, 9, 52, 22, 60, 41, 79, 39, 66, 69, 73, 44, 42, 29, 16, 24, 17, 68, 74, 3, 75, 31, 8, 7, 43, 80, 11, 14, 77, 62, 56, 5, 36, 65, 13, 34, 70, 57, 53, 21, 32, 27, 23, 72, 58, 37, 51, 12, 19, 20, 26, 2, 46, 55, 15, 49]
Fitness: (14338916.0,)
Run time: 7889.70226097

Best individual is [5, 15, 33, 26, 62, 74, 42, 22, 18, 30, 78, 70, 37, 17, 39, 53, 54, 9, 41, 27, 49, 2, 1, 77, 58, 28, 29, 12, 76, 31, 61, 80, 14, 68, 71, 59, 34, 51, 50, 52, 32, 79, 60, 48, 16, 4, 45, 75, 67, 21, 11, 65, 46, 40, 64, 69, 24, 44, 6, 72, 63, 19, 3, 35, 23, 47, 20, 25, 66, 13, 57, 73, 36, 10, 56, 43, 7, 55, 38, 8]
Fitness: (14361896.0,)

Best individual is [38, 4, 22, 59, 32, 49, 43, 12, 78, 74, 40, 46, 70, 9, 57, 34, 80, 2, 21, 31, 41, 36, 27, 55, 30, 17, 56, 66, 39, 71, 67, 11, 6, 79, 62, 37, 25, 76, 3, 47, 8, 10, 77, 18, 15, 73, 54, 68, 24, 58, 64, 65, 72, 53, 35, 33, 52, 61, 44, 63, 26, 60, 69, 45, 7, 51, 29, 19, 20, 16, 23, 5, 48, 28, 14, 75, 13, 50, 42, 1]
Fitness: (14378806.0,)

Best individual is [65, 6, 76, 19, 9, 77, 79, 49, 44, 62, 25, 14, 54, 71, 64, 22, 21, 42, 56, 67, 38, 11, 50, 63, 47, 69, 23, 51, 70, 36, 75, 32, 26, 73, 61, 27, 34, 8, 15, 10, 52, 33, 16, 53, 59, 43, 60, 55, 58, 24, 78, 20, 39, 66, 41, 57, 17, 72, 31, 74, 45, 46, 4, 37, 12, 5, 18, 35, 40, 2, 80, 1, 28, 13, 29, 48, 68, 7, 3, 30]
Fitness: (14352552.0,)

Best individual is [20, 29, 45, 17, 23, 65, 54, 6, 25, 13, 59, 64, 16, 12, 66, 60, 22, 57, 77, 15, 62, 63, 38, 4, 31, 34, 2, 27, 3, 10, 76, 48, 35, 58, 67, 80, 41, 46, 75, 37, 50, 26, 52, 18, 9, 61, 72, 55, 36, 11, 30, 73, 32, 69, 8, 56, 5, 74, 19, 1, 70, 71, 42, 28, 21, 47, 39, 53, 51, 14, 43, 33, 44, 78, 49, 7, 40, 68, 79, 24]
Fitness: (14387412.0,)
