-6.92595992140266 9.090191886575571 -9.404850966146082 1.9870653074598028 
7.336013563233376 0.15399343669971266 8.110259284097786 0.9876043265465295 
-1.862702970299786 -0.10439104414412625 -1.1686027900797988 4.4029145697803 
2.741965908667579 -4.437379161889754 0.3796357149023333 4.454781035026967 
-9.686907738703397 -5.4378260109849785 -4.121289154398331 6.666601179118871 
-6.543201970893797 -1.8847160748984386 1.4446301629174823 -1.5687746698147258 
0.27024919321029905 -2.0871977086748705 -6.922760947308233 3.7777771115988035 
6.667151046619672 -7.690715496143978 2.0729956931131 7.172534481965162 
4.476959897379613 -0.5300712585329652 -9.636616909515867 -0.8696370812145133 
-5.338318728823737 8.889648741496927 7.593524735637047 -0.52040737388851 
6.966784732131718 -0.16774691426377686 -9.709259751714425 -9.68535443142569 
-2.5795790449459144 5.491617774563691 -9.86706941387488 -0.012881792537973169 
3.317779449553397 -4.944369937831416 -6.888169377560576 1.927432602650672 
1.6750842968739263 2.3576010217201393 -5.703666911868073 7.655581451112653 
1.610385347633553 9.428742655036519 3.936243123219082 2.0308869225074204 
3.705945959530954 -3.9807825746224417 -0.1930306269122184 -9.392885577444957 
0.12970410626714823 -7.9658317555577955 7.980824604482098 3.900669868766535 
8.140917354646529 -1.1649506746266187 9.6207628266448 -8.553958919236797 
6.577781106878589 -2.5145236015066015 -5.072470175006838 -0.29598473333730446 
0.02244453055105744 -2.7252653635780426 -2.9686319724265076 2.204652716548516 
8.561524984230342 -3.769029095990768 -1.5954317957531643 -2.2516407287851203 
-7.592144550383426 6.840020989397015 -9.718680387333453 -6.945151419432523 
-9.878114726976188 4.814713144113611 1.6064619524546249 -0.058847887789237774 
-3.231224127410062 6.513409743336421 -1.805092268805705 3.9262755869636052 
-5.930081866967556 -8.514558048138902 5.068647216190454 1.1014788077041686 
8.455244764989239 0.6250103989850526 5.3484129597517835 -6.828416232216066 
-5.104644094101993 -2.4559796572696557 -2.3877583889557936 -3.235892951465038 
4.490153360597503 1.028234959894025 -9.706689324945073 2.41942674479154 
-7.986682211100993 -0.179968145277833 -3.525397220768321 -8.883403077836153 
-4.040371484684993 7.4749541129966985 5.348089229419754 1.7558320894531771 
-1.88522336623587 4.6681540676766975 7.64130059845256 1.7100869530411238 
2.264988509717881 9.080740155319674 1.4742858170061535 4.374564728247442 
2.3864118542706496 8.874928901302866 2.3951343854672587 2.5843921708831736 
-0.49809927473064164 -5.229173265612137 6.752386908757515 4.837110499246611 
-6.63452984377674 7.866563373010727 -8.902187494722158 -7.551970868889429 
0.23235430235860655 5.597402729389675 -8.02680330291711 0.08290316612928095 
-8.804736075458328 -3.3916242043201077 0.219924686302587 -0.44620012646872986 
6.915085996798535 6.818868701533596 1.8603181930388253 -2.669579941574014 
4.046929130064003 -6.4134793505801895 3.634829965859046 -0.08944206083855377 
6.260076366271072 2.631685012579638 -4.560644069512856 -1.9902254384619482 
8.473062607016342 3.262612918907955 4.192087139078096 -9.52821946634801 
-3.227258460658911 1.4454300561988767 4.069476128300774 -8.132577272283504 
-1.5411214058394602 -2.6081230652769687 6.5860481023664015 3.941570702271285 
6.753450066491212 4.5916954659703855 0.6529444409647489 0.38361953311019725 
-7.0635091694860925 0.5954463217121422 7.535244689830119 -3.161282073750953 
5.0179854864387465 -3.6425520794603283 -1.461734325249644 -6.356758692987925 
-3.4720397523354745 -9.422559460156153 -5.711808371048582 7.459441750489894 
-8.395419618103343 -1.7665255740300303 3.6325546895179155 9.80060196079707 
-6.717275466646173 8.377438511109943 7.4712277202688 5.379437762753078 
0.7331504556552773 -4.731456472968945 8.238758840012633 -8.721110473541307 
-1.824960673451102 -0.9510172844566274 9.294027553107515 -0.8641409720310467 
-6.717652900422324 7.4199042448401755 0.13336013362770416 -3.1551533910756335 
-3.872946273824467 8.154727246369319 3.128399752635012 -6.270146957153311 
1.0500616067453432 3.790745804868207 5.400178799603658 -6.300679483001696 
3.323143168211919 4.468867826716821 -4.523996376747121 -5.409719689101998 
-9.937002735827063 2.645247552317798 8.535908979835497 -1.2756955580620417 
-9.418868556977698 4.277467128896433 -3.659392514830837 -0.3607628637711713 
-4.799058566752521 5.091840479758956 -1.656995787056914 3.0271048362443302 
-6.453982393938444 -2.3326921147584567 -0.9794897126386495 6.100015441746255 
3.4013593687403816 -4.674693365215086 -6.87445642921201 -1.0777571983845053 
-0.5281570189029434 2.1938968172736892 5.336756797319621 3.6881149085636586 
7.709935774071582 5.318342749956956 3.7037007384521843 -6.508266569671273 
5.357312965997519 -5.680757813565291 7.3127686958387415 -9.174062886992488 
-0.5573140073141936 6.853210041464301 -2.2375571264517298 -2.1356435775697546 
7.200806009014546 -5.989967387493953 1.321012489516626 -4.478211866120329 
-9.2747313553269 -1.2159018421045626 -5.949920699297522 6.354542700499991 
5.140393257291677 2.88684190010898 -4.287657486529566 7.553810812716748 
4.6751169891336595 2.4208247785121912 -0.057706119374135056 4.6015107589613145 
-5.75550993034422 1.3149840921389977 -2.0563769013838895 -6.400523433032495 
-4.507979923638934 2.924503163759656 -9.112724105791472 -9.150733110121474 
-4.281229206959001 -5.172358148599569 -7.780722436246281 -8.048744892390854 
5.722773205518109 -0.39420933625863697 -4.7524168679593455 -0.4918968287761665 
8.29496516337949 5.271898796793828 3.6623709380251412 8.459092408158348 
-7.034470205039385 -6.983643999177485 -6.945642754798342 1.138214065079083 
4.5671660911814165 7.068293083869314 -9.969137101884368 0.3403222801436723 
3.279470753616355 1.7241820573809186 2.1895171501057504 -2.0039456641169995 
2.0412730040913 -6.025473716634487 6.99464840559018 -0.5023677837596203 
-6.434575198320999 6.6633296169046545 -9.488444539371557 -0.7159299859629904 
3.6631923110045577 6.743943208419527 -2.0109811965541002 -8.014289802761175 
-9.816938955569414 5.948794733698616 -2.5594343225467515 5.244420793643538 
7.591424971484155 -2.930585491106603 4.660157430004364 -4.732799574383559 
-3.929726014581016 8.0470710232958 -6.481879213473684 -5.762676943507459 
-9.020336519880702 8.203243196932167 -1.081690785252432 -0.10140993747548777 
3.6303985250695785 -3.8069431495955293 -8.54236885443006 -8.05536495968604 
-2.4649766678171066 -2.356276505068113 2.6142345889311933 7.286652099739111 
-4.347134852820385 1.9439224317773824 7.200805737809702 6.839315578586035 
3.6175323233109644 -7.721025786886031 5.854581364125979 0.15606927460804876 
1.5329309022234838 -9.239435835152815 -5.504157861331212 1.0613697342785464 
2.6465085610136274 -8.621329273452483 -0.028199144236662477 7.36886639471734 
1.0561081618347217 7.5072732694547355 1.5129697216190898 -9.159077857447539 
-7.420554078619128 -2.175694641591792 6.16422506652388 9.736271956995605 
-6.98708680666366 -5.239757969799095 3.012971895977465 -4.390973234564939 
-3.7709676846369344 2.968596812048272 5.821938806237192 -1.5363607407995516 
-9.090434977652873 1.8155315975048065 6.584312051848386 -0.0631489577285933 
9.183932760022898 -4.485327650809882 3.5540643081896306 2.869046845423961 
-6.959747689001201 7.287131042398332 -3.535515018312207 -2.556148367366884 
-4.901047364639273 9.805657214897995 -1.066910016665794 9.016206546410505 
-0.8133984489877655 3.1857237255244257 3.461227245374534 -9.184429652246235 
-6.879787920971294 -6.084718851439657 7.971865491659365 -4.097698212455551 
-8.790032273565213 -6.631201427015505 -5.5107981592351285 7.071672980601477 
