4384.512974808038
2770.7256626401236
18.706793668321698
-196.4279031722535
8300.536760338293
1812.1680035866357
-114.34409554609955
614.8100293878791
219.6834413763728
2808.8085034184865
2162.5130193381374
351.3941668131895
-329.41971420118165
-5.222296633433295
2497.4475561380964
-5.0896419389693985
-1634.8891991407309
4198.899026654475
1777.598367174491
-71.14311912093234
5209.881311549306
4091.644257098444
9855.916302283986
940.4046411924335
-660.5000040204133
5052.679535031048
624.906769489643
228.72631148036845
4040.0354594448218
1469.0321521415988
207.74304293704404
2277.7353909198355
2125.628006472526
-510.2543033119209
3236.860582311886
402.3419616786127
5897.288376037465
3233.179810680855
-544.697979714616
1551.8330598031532
5218.717328967343
81.2821554328801
-125.39335429671894
2375.149174633122
2378.2398437734987
483.42111646475314
-2417.2008703253264
4939.735005037544
3698.539855342376
-456.9512993916645
-160.1103272791237
3263.7508316951016
1831.0051924553225
105.00750124220507
348.35156243462956
9663.912018648974
8083.014137423424
929.0070895191066
1706.1479624827632
-263.2114462005802
-16.51713610210994
3955.824516925208
162.63744761901927
958.5611232114356
2040.8659414344547
7334.7093999266235
746.1702737082028
529.8719610964548
1094.2885399864422
317.7820731429255
-203.3113649071678
1031.724611536736
5160.524663751783
1336.494062189202
1301.08310291893
124.4535337817659
-732.2789708032853
2426.048822589472
1089.125777363773
9916.312058514632
3202.512685306174
1716.9589791282467
8279.12850147369
-140.81252225961418
-3.7090973985626334
287.29197587152913
-1272.9878789949921
-2415.2418102677534
-1860.9774609242522
1261.8174698366904
2939.956706062925
1934.2114259707234
216.37058216963266
6764.89317309067
6825.911708612756
3484.5822710566545
3417.1814498135595
69.28727896418651
1438.2318905461577
5046.384577923746
