kmeans: %57
ann: %55

--- EXPERIMENT1
[2, 2, 2, 0, 2, 2, 0, 2, 2, 2,  8
 3, 3, 1, 1, 1, 3, 1, 3, 3, 1,  5
 1, 1, 1, 1, 0, 3, 1, 2, 0, 3,  5
 1, 0, 3, 1, 0, 3, 1, 1, 3, 1]  2  20/40
0 0 0 3 2 2 3 3  6/8

--- EXPERIMENT2
[3, 3, 3, 1, 3, 3, 1, 3, 3, 3,  8
 2, 2, 1, 2, 2, 2, 2, 2, 2, 2,  9
 2, 2, 2, 2, 1, 0, 2, 3, 1, 0,  2
 1, 1, 2, 2, 1, 2, 1, 2, 2, 2]  4  23/40
1 0 2 3 2 2 3 3  5/8

--- EXPERIMENT3
[3, 3, 3, 0, 3, 3, 0, 3, 3, 3,  8
 2, 2, 0, 0, 2, 2, 2, 2, 2, 0,  7
 1, 1, 1, 1, 0, 1, 1, 3, 0, 1,  7
 0, 0, 2, 1, 0, 2, 0, 2, 2, 0]  5  27/40
0 0 2 3 3 2 2 2  3/8

--- EXPERIMENT4
[3, 3, 3, 0, 3, 3, 0, 3, 3, 3,  8
 1, 1, 2, 2, 1, 1, 1, 1, 1, 2,  7
 1, 2, 1, 1, 0, 1, 1, 3, 0, 1,  2
 2, 2, 1, 1, 2, 1, 2, 1, 1, 2]  5  20/40
0 0 1 3 2 2 3 3  7/8

--- EXPERIMENT5
[3, 3, 3, 1, 3, 3, 1, 3, 3, 3,  8
 0, 0, 1, 0, 0, 0, 0, 0, 0, 0,  9
 0, 0, 0, 0, 1, 2, 0, 3, 1, 2,  2
 1, 1, 0, 0, 1, 0, 1, 0, 0, 0]  4  23/40
0 0 0 3 3 2 3 2  4/8

--- EXPERIMENT6
[0, 0, 0, 2, 0, 0, 2, 0, 0, 0,  8
 3, 3, 2, 1, 1, 3, 1, 3, 3, 1,  5
 1, 1, 1, 1, 2, 3, 1, 0, 2, 3,  5
 1, 2, 3, 1, 2, 3, 1, 1, 3, 1]  2  20/40
1 0 2 3 3 2 3 2  3/8

--- EXPERIMENT7
[3, 3, 3, 0, 3, 3, 0, 3, 3, 3,  8
 1, 1, 0, 2, 2, 1, 2, 1, 1, 2,  5
 2, 2, 2, 2, 0, 1, 2, 3, 0, 1,  5
 0, 0, 1, 2, 0, 1, 2, 2, 1, 2]  3  21/40
0 0 1 3 2 3 3 3  6/8

--- EXPERIMENT8
[1, 1, 1, 3, 1, 1, 3, 1, 1, 1,  8
 0, 0, 2, 2, 0, 0, 0, 0, 0, 2,  7
 0, 2, 0, 0, 3, 0, 0, 1, 3, 0,  2
 2, 3, 0, 0, 3, 0, 2, 0, 0, 2]  3  20/40
0 0 2 3 3 0 3 3  4/8

--- EXPERIMENT9
[2, 2, 2, 1, 2, 2, 2, 2, 2, 2,  9
 0, 0, 1, 1, 0, 0, 0, 0, 0, 1,  7
 3, 1, 0, 3, 3, 0, 3, 2, 3, 0,  5
 1, 1, 0, 0, 1, 0, 1, 0, 0, 1]  5  26/40
0 0 1 3 3 1 2 2  3/8

--- EXPERIMENT10
[3, 3, 3, 2, 3, 3, 2, 3, 3, 3,  8
 0, 0, 2, 2, 0, 0, 0, 0, 0, 0,  8
 1, 0, 0, 1, 2, 1, 1, 3, 2, 1,  5
 2, 2, 0, 0, 2, 0, 2, 0, 0, 2]  5  26/40
0 0 2 3 3 0 2 3  3/8
